某城市特定区域内要通过模拟来确定垃圾收回时间间隔。此城市使用规格为50L的垃圾袋，并且市民都严格利用此规格的垃圾袋在每天早晨垃圾车经过前投放到指定收回地点。垃圾收回车辆是限定载重的，因车辆载重问题或者因非垃圾收回日所造成的垃圾堆积量不能超过800L，并且在模拟期间内垃圾都要收回。给出模拟期间天数、垃圾收回站可堆积的容量（L）及每天新投放的垃圾袋的个数的情况下，编写出满足上述条件并且费用最低的垃圾收回天数。注：为了便利起见，每次收回的车辆载重一致并且模拟期间开始和结束日期必须进行垃圾收回。


[输入]
第一行输出test case个数，下一行开始显示T个的test case。每个test case分为两行，
第一行模拟天数N和可装载量M(L),用空格隔开。第二行为每天堆积的垃圾袋(50L)个数,用空格隔开。N为大于5并且小于50的自然数，M为大于500小于5000并且以50为倍数的自然数。

[输出]
test case编号之间留一个空格之后显示满足条件的最长日期。

[输出入样本]
(输入)
5
5 500
3 4 2 5 6
10 1000
2 10 5 4 9 8 4 7 5 4
20 1000
5 7 7 4 1 2 2 2 5 7 6 3 5 1 2 7 8 9 9 1 
30 2000
1 1 6 3 3 4 6 4 4 3 3 1 4 4 5 4 3 1 4 1 5 5 5 1 1 4 5 1 2 6  
40 3000
1 1 6 4 1 5 2 5 1 4 2 2 6 3 3 2 5 5 6 2 4 4 1 5 5 2 2 4 2 4 6 2 4 3 4 1 4 2 3 6  用一行构成

(输出)
#1 3
#2 2
#3 2
#4 4
#5 4